0.000000e+00
0.000000e+00
2.233887e-03
4.516602e-03
6.766968e-03
6.879272e-03
6.983948e-03
7.192078e-03
7.441101e-03
9.998779e-03
1.260406e-02
1.503296e-02
1.527740e-02
1.539581e-02
1.565277e-02
1.578674e-02
1.823517e-02
2.063507e-02
2.281494e-02
2.499023e-02
2.484039e-02
2.488373e-02
2.496277e-02
2.742523e-02
2.978546e-02
3.214813e-02
3.452332e-02
3.458771e-02
3.474213e-02
3.508667e-02
3.777039e-02
4.013397e-02
4.232452e-02
4.451202e-02
4.440460e-02
4.413269e-02
4.408813e-02
4.643738e-02
4.837372e-02
4.998199e-02
5.168854e-02
5.121368e-02
5.074677e-02
5.057861e-02
5.055817e-02
5.256165e-02
5.426849e-02
5.599640e-02
5.561218e-02
5.534973e-02
5.517395e-02
5.504181e-02
5.691528e-02
5.848206e-02
5.999725e-02
5.933502e-02
5.873108e-02
5.822266e-02
5.770447e-02
5.913361e-02
6.043823e-02
6.167267e-02
6.099823e-02
6.024658e-02
5.961029e-02
5.895660e-02
5.813904e-02
5.721100e-02
5.629761e-02
5.583069e-02
5.739014e-02
5.904144e-02
6.058014e-02
5.985870e-02
5.883331e-02
5.790222e-02
5.735626e-02
5.919647e-02
6.108826e-02
6.274811e-02
6.238037e-02
6.164215e-02
6.120117e-02
6.096649e-02
6.322418e-02
6.540955e-02
6.730103e-02
6.705627e-02
6.638824e-02
6.609985e-02
6.581635e-02
6.805023e-02
6.997162e-02
7.172729e-02
7.358124e-02
7.297089e-02
7.271027e-02
7.281555e-02
7.536804e-02
7.749939e-02
7.970001e-02
8.186554e-02
8.191864e-02
8.214264e-02
8.281616e-02
8.567322e-02
8.814331e-02
9.028046e-02
9.234528e-02
9.247345e-02
9.255615e-02
9.303925e-02
9.549591e-02
9.779083e-02
9.959808e-02
1.015286e-01
1.014984e-01
1.018268e-01
1.024600e-01
1.027356e-01
1.052881e-01
1.074200e-01
1.096899e-01
1.098557e-01
1.104892e-01
1.111102e-01
1.114392e-01
1.136771e-01
1.156628e-01
1.178052e-01
1.177274e-01
1.180557e-01
1.183368e-01
1.184641e-01
1.181662e-01
1.178793e-01
1.177127e-01
1.178381e-01
1.181882e-01
1.183972e-01
1.185077e-01
1.182162e-01
1.179507e-01
1.177985e-01
1.180807e-01
1.184091e-01
1.186133e-01
1.185394e-01
1.182431e-01
1.180487e-01
1.178989e-01
1.181570e-01
1.184409e-01
1.185791e-01
1.183466e-01
1.180963e-01
1.179431e-01
1.180020e-01
1.182782e-01
1.184631e-01
1.185861e-01
1.183755e-01
1.181439e-01
1.180319e-01
1.182858e-01
1.185471e-01
1.186978e-01
1.185950e-01
1.183487e-01
1.182248e-01
1.181223e-01
1.183798e-01
1.186313e-01
1.187527e-01
1.184988e-01
1.182700e-01
1.181525e-01
1.182285e-01
1.185117e-01
1.186768e-01
1.187820e-01
1.185593e-01
1.183401e-01
1.182416e-01
1.184836e-01
1.187372e-01
1.188831e-01
1.188052e-01
1.185776e-01
1.184381e-01
1.183569e-01
1.186096e-01
1.188455e-01
1.189603e-01
1.186996e-01
1.184811e-01
1.183646e-01
1.184619e-01
1.187671e-01
1.189157e-01
1.190143e-01
1.187451e-01
1.185199e-01
1.184238e-01
1.186932e-01
1.189938e-01
1.191422e-01
1.190695e-01
1.187729e-01
1.186053e-01
1.185080e-01
1.187842e-01
1.190732e-01
1.191959e-01
1.189362e-01
1.186478e-01
1.184964e-01
1.186069e-01
1.188852e-01
1.190851e-01
1.192090e-01
1.189716e-01
1.187326e-01
1.185846e-01
1.188458e-01
1.190903e-01
1.192560e-01
1.192087e-01
1.189407e-01
1.188007e-01
1.186667e-01
1.188879e-01
1.190900e-01
1.192001e-01
1.189798e-01
1.187527e-01
1.186636e-01
1.187558e-01
1.190060e-01
1.191376e-01
1.192383e-01
1.190228e-01
1.188370e-01
1.187866e-01
1.190549e-01
1.192480e-01
1.193399e-01
1.192181e-01
1.189752e-01
1.188913e-01
1.188248e-01
1.190796e-01
1.192422e-01